C1R170 2013080101  -9999  -9999  -9999  -9999  -9999    0.0  -9999
C1R170 2013080102  -9999  -9999  -9999  -9999  -9999    0.0  -9999
C1R170 2013080103  -9999  -9999  -9999  -9999  -9999    0.0  -9999
C1R170 2013080104  -9999  -9999  -9999  -9999  -9999    0.0  -9999
C1R170 2013080105  -9999  -9999  -9999  -9999  -9999    0.0  -9999
C1R170 2013080106  -9999  -9999  -9999  -9999  -9999    0.0  -9999
C1R170 2013080107  -9999  -9999  -9999  -9999  -9999    0.0  -9999
C1R170 2013080108  -9999  -9999  -9999  -9999  -9999    0.0  -9999
C1R170 2013080109  -9999  -9999  -9999  -9999  -9999    0.0  -9999
C1R170 2013080110  -9999  -9999  -9999  -9999  -9999    0.0  -9999
C1R170 2013080111  -9999  -9999  -9999  -9999  -9999    0.0  -9999
C1R170 2013080112  -9999  -9999  -9999  -9999  -9999    0.0  -9999
C1R170 2013080113  -9999  -9999  -9999  -9999  -9999    0.0  -9999
C1R170 2013080114  -9999  -9999  -9999  -9999  -9999    0.0  -9999
C1R170 2013080115  -9999  -9999  -9999  -9999  -9999    0.0  -9999
C1R170 2013080116  -9999  -9999  -9999  -9999  -9999    0.5  -9999
C1R170 2013080117  -9999  -9999  -9999  -9999  -9999    0.5  -9999
C1R170 2013080118  -9999  -9999  -9999  -9999  -9999    1.5  -9999
C1R170 2013080119  -9999  -9999  -9999  -9999  -9999    1.5  -9999
C1R170 2013080120  -9999  -9999  -9999  -9999  -9999    0.5  -9999
C1R170 2013080121  -9999  -9999  -9999  -9999  -9999    0.0  -9999
C1R170 2013080122  -9999  -9999  -9999  -9999  -9999    0.0  -9999
C1R170 2013080123  -9999  -9999  -9999  -9999  -9999    0.0  -9999
C1R170 2013080124  -9999  -9999  -9999  -9999  -9999  -9996  -9999
C1R170 2013080201  -9999  -9999  -9999  -9999  -9999    0.0  -9999
C1R170 2013080202  -9999  -9999  -9999  -9999  -9999    0.0  -9999
C1R170 2013080203  -9999  -9999  -9999  -9999  -9999    0.0  -9999
C1R170 2013080204  -9999  -9999  -9999  -9999  -9999    0.0  -9999
C1R170 2013080205  -9999  -9999  -9999  -9999  -9999  -9996  -9999
C1R170 2013080206  -9999  -9999  -9999  -9999  -9999    0.0  -9999
C1R170 2013080207  -9999  -9999  -9999  -9999  -9999    0.0  -9999
C1R170 2013080208  -9999  -9999  -9999  -9999  -9999    0.0  -9999
C1R170 2013080209  -9999  -9999  -9999  -9999  -9999    0.0  -9999
C1R170 2013080210  -9999  -9999  -9999  -9999  -9999    0.0  -9999
C1R170 2013080211  -9999  -9999  -9999  -9999  -9999    1.5  -9999
C1R170 2013080212  -9999  -9999  -9999  -9999  -9999    1.5  -9999
C1R170 2013080213  -9999  -9999  -9999  -9999  -9999    2.5  -9999
C1R170 2013080214  -9999  -9999  -9999  -9999  -9999    0.5  -9999
C1R170 2013080215  -9999  -9999  -9999  -9999  -9999    0.0  -9999
C1R170 2013080216  -9999  -9999  -9999  -9999  -9999    0.0  -9999
C1R170 2013080217  -9999  -9999  -9999  -9999  -9999    0.0  -9999
C1R170 2013080218  -9999  -9999  -9999  -9999  -9999    0.0  -9999
C1R170 2013080219  -9999  -9999  -9999  -9999  -9999    0.0  -9999
C1R170 2013080220  -9999  -9999  -9999  -9999  -9999    0.0  -9999
C1R170 2013080221  -9999  -9999  -9999  -9999  -9999    0.0  -9999
C1R170 2013080222  -9999  -9999  -9999  -9999  -9999  -9996  -9999
C1R170 2013080223  -9999  -9999  -9999  -9999  -9999    0.0  -9999
C1R170 2013080224  -9999  -9999  -9999  -9999  -9999    0.0  -9999
C1R170 2013080301  -9999  -9999  -9999  -9999  -9999    0.0  -9999
C1R170 2013080302  -9999  -9999  -9999  -9999  -9999  -9996  -9999
C1R170 2013080303  -9999  -9999  -9999  -9999  -9999    0.0  -9999
C1R170 2013080304  -9999  -9999  -9999  -9999  -9999    0.0  -9999
C1R170 2013080305  -9999  -9999  -9999  -9999  -9999    0.0  -9999
C1R170 2013080306  -9999  -9999  -9999  -9999  -9999    0.0  -9999
C1R170 2013080307  -9999  -9999  -9999  -9999  -9999    0.0  -9999
C1R170 2013080308  -9999  -9999  -9999  -9999  -9999    0.0  -9999
C1R170 2013080309  -9999  -9999  -9999  -9999  -9999    0.0  -9999
C1R170 2013080310  -9999  -9999  -9999  -9999  -9999    0.0  -9999
C1R170 2013080311  -9999  -9999  -9999  -9999  -9999    0.0  -9999
C1R170 2013080312  -9999  -9999  -9999  -9999  -9999    0.0  -9999
C1R170 2013080313  -9999  -9999  -9999  -9999  -9999    0.0  -9999
C1R170 2013080314  -9999  -9999  -9999  -9999  -9999    0.0  -9999
C1R170 2013080315  -9999  -9999  -9999  -9999  -9999    0.0  -9999
C1R170 2013080316  -9999  -9999  -9999  -9999  -9999  -9996  -9999
C1R170 2013080317  -9999  -9999  -9999  -9999  -9999    0.0  -9999
C1R170 2013080318  -9999  -9999  -9999  -9999  -9999    0.0  -9999
C1R170 2013080319  -9999  -9999  -9999  -9999  -9999    0.0  -9999
C1R170 2013080320  -9999  -9999  -9999  -9999  -9999    0.0  -9999
C1R170 2013080321  -9999  -9999  -9999  -9999  -9999    0.0  -9999
C1R170 2013080322  -9999  -9999  -9999  -9999  -9999    0.0  -9999
C1R170 2013080323  -9999  -9999  -9999  -9999  -9999    0.0  -9999
C1R170 2013080324  -9999  -9999  -9999  -9999  -9999    0.0  -9999
C1R170 2013080401  -9999  -9999  -9999  -9999  -9999    0.0  -9999
C1R170 2013080402  -9999  -9999  -9999  -9999  -9999    0.0  -9999
C1R170 2013080403  -9999  -9999  -9999  -9999  -9999    0.0  -9999
C1R170 2013080404  -9999  -9999  -9999  -9999  -9999    0.0  -9999
C1R170 2013080405  -9999  -9999  -9999  -9999  -9999    0.0  -9999
C1R170 2013080406  -9999  -9999  -9999  -9999  -9999    0.0  -9999
C1R170 2013080407  -9999  -9999  -9999  -9999  -9999    0.0  -9999
C1R170 2013080408  -9999  -9999  -9999  -9999  -9999    0.0  -9999
C1R170 2013080409  -9999  -9999  -9999  -9999  -9999    0.0  -9999
C1R170 2013080410  -9999  -9999  -9999  -9999  -9999    0.0  -9999
C1R170 2013080411  -9999  -9999  -9999  -9999  -9999  -9996  -9999
C1R170 2013080412  -9999  -9999  -9999  -9999  -9999    0.0  -9999
C1R170 2013080413  -9999  -9999  -9999  -9999  -9999    0.0  -9999
C1R170 2013080414  -9999  -9999  -9999  -9999  -9999  -9996  -9999
C1R170 2013080415  -9999  -9999  -9999  -9999  -9999   12.0  -9999
C1R170 2013080416  -9999  -9999  -9999  -9999  -9999  -9996  -9999
C1R170 2013080417  -9999  -9999  -9999  -9999  -9999    1.0  -9999
C1R170 2013080418  -9999  -9999  -9999  -9999  -9999  -9996  -9999
C1R170 2013080419  -9999  -9999  -9999  -9999  -9999    0.0  -9999
C1R170 2013080420  -9999  -9999  -9999  -9999  -9999    0.0  -9999
C1R170 2013080421  -9999  -9999  -9999  -9999  -9999    0.0  -9999
C1R170 2013080422  -9999  -9999  -9999  -9999  -9999    0.0  -9999
C1R170 2013080423  -9999  -9999  -9999  -9999  -9999    0.0  -9999
C1R170 2013080424  -9999  -9999  -9999  -9999  -9999    0.0  -9999
C1R170 2013080501  -9999  -9999  -9999  -9999  -9999  -9996  -9999
C1R170 2013080502  -9999  -9999  -9999  -9999  -9999    0.0  -9999
C1R170 2013080503  -9999  -9999  -9999  -9999  -9999    0.0  -9999
C1R170 2013080504  -9999  -9999  -9999  -9999  -9999    0.0  -9999
C1R170 2013080505  -9999  -9999  -9999  -9999  -9999    0.0  -9999
C1R170 2013080506  -9999  -9999  -9999  -9999  -9999    0.0  -9999
C1R170 2013080507  -9999  -9999  -9999  -9999  -9999    0.0  -9999
C1R170 2013080508  -9999  -9999  -9999  -9999  -9999    0.0  -9999
C1R170 2013080509  -9999  -9999  -9999  -9999  -9999    0.0  -9999
C1R170 2013080510  -9999  -9999  -9999  -9999  -9999    0.0  -9999
C1R170 2013080511  -9999  -9999  -9999  -9999  -9999    0.0  -9999
C1R170 2013080512  -9999  -9999  -9999  -9999  -9999    0.0  -9999
C1R170 2013080513  -9999  -9999  -9999  -9999  -9999    0.0  -9999
C1R170 2013080514  -9999  -9999  -9999  -9999  -9999    0.0  -9999
C1R170 2013080515  -9999  -9999  -9999  -9999  -9999    0.0  -9999
C1R170 2013080516  -9999  -9999  -9999  -9999  -9999  -9996  -9999
C1R170 2013080517  -9999  -9999  -9999  -9999  -9999    0.0  -9999
C1R170 2013080518  -9999  -9999  -9999  -9999  -9999    0.0  -9999
C1R170 2013080519  -9999  -9999  -9999  -9999  -9999    0.0  -9999
C1R170 2013080520  -9999  -9999  -9999  -9999  -9999    0.0  -9999
C1R170 2013080521  -9999  -9999  -9999  -9999  -9999    0.0  -9999
C1R170 2013080522  -9999  -9999  -9999  -9999  -9999    0.0  -9999
C1R170 2013080523  -9999  -9999  -9999  -9999  -9999  -9996  -9999
C1R170 2013080524  -9999  -9999  -9999  -9999  -9999    0.0  -9999
C1R170 2013080601  -9999  -9999  -9999  -9999  -9999    0.0  -9999
C1R170 2013080602  -9999  -9999  -9999  -9999  -9999    0.0  -9999
C1R170 2013080603  -9999  -9999  -9999  -9999  -9999    0.0  -9999
C1R170 2013080604  -9999  -9999  -9999  -9999  -9999    0.0  -9999
C1R170 2013080605  -9999  -9999  -9999  -9999  -9999    0.0  -9999
C1R170 2013080606  -9999  -9999  -9999  -9999  -9999  -9996  -9999
C1R170 2013080607  -9999  -9999  -9999  -9999  -9999    0.0  -9999
C1R170 2013080608  -9999  -9999  -9999  -9999  -9999  -9996  -9999
C1R170 2013080609  -9999  -9999  -9999  -9999  -9999    0.0  -9999
C1R170 2013080610  -9999  -9999  -9999  -9999  -9999    0.0  -9999
C1R170 2013080611  -9999  -9999  -9999  -9999  -9999  -9996  -9999
C1R170 2013080612  -9999  -9999  -9999  -9999  -9999  -9996  -9999
C1R170 2013080613  -9999  -9999  -9999  -9999  -9999  -9996  -9999
C1R170 2013080614  -9999  -9999  -9999  -9999  -9999  -9996  -9999
C1R170 2013080615  -9999  -9999  -9999  -9999  -9999  -9996  -9999
C1R170 2013080616  -9999  -9999  -9999  -9999  -9999  -9996  -9999
C1R170 2013080617  -9999  -9999  -9999  -9999  -9999  -9996  -9999
C1R170 2013080618  -9999  -9999  -9999  -9999  -9999  -9996  -9999
C1R170 2013080619  -9999  -9999  -9999  -9999  -9999  -9996  -9999
C1R170 2013080620  -9999  -9999  -9999  -9999  -9999  -9996  -9999
C1R170 2013080621  -9999  -9999  -9999  -9999  -9999  -9996  -9999
C1R170 2013080622  -9999  -9999  -9999  -9999  -9999  -9996  -9999
C1R170 2013080623  -9999  -9999  -9999  -9999  -9999  -9996  -9999
C1R170 2013080624  -9999  -9999  -9999  -9999  -9999  -9996  -9999
C1R170 2013080701  -9999  -9999  -9999  -9999  -9999  -9996  -9999
C1R170 2013080702  -9999  -9999  -9999  -9999  -9999  -9996  -9999
C1R170 2013080703  -9999  -9999  -9999  -9999  -9999  -9996  -9999
C1R170 2013080704  -9999  -9999  -9999  -9999  -9999  -9996  -9999
C1R170 2013080705  -9999  -9999  -9999  -9999  -9999  -9996  -9999
C1R170 2013080706  -9999  -9999  -9999  -9999  -9999  -9996  -9999
C1R170 2013080707  -9999  -9999  -9999  -9999  -9999  -9996  -9999
C1R170 2013080708  -9999  -9999  -9999  -9999  -9999  -9996  -9999
C1R170 2013080709  -9999  -9999  -9999  -9999  -9999  -9996  -9999
C1R170 2013080710  -9999  -9999  -9999  -9999  -9999  -9996  -9999
C1R170 2013080711  -9999  -9999  -9999  -9999  -9999  -9996  -9999
C1R170 2013080712  -9999  -9999  -9999  -9999  -9999  -9996  -9999
C1R170 2013080713  -9999  -9999  -9999  -9999  -9999  -9996  -9999
C1R170 2013080714  -9999  -9999  -9999  -9999  -9999  -9996  -9999
C1R170 2013080715  -9999  -9999  -9999  -9999  -9999  -9996  -9999
C1R170 2013080716  -9999  -9999  -9999  -9999  -9999    1.0  -9999
C1R170 2013080717  -9999  -9999  -9999  -9999  -9999    0.5  -9999
C1R170 2013080718  -9999  -9999  -9999  -9999  -9999  -9996  -9999
C1R170 2013080719  -9999  -9999  -9999  -9999  -9999    0.0  -9999
C1R170 2013080720  -9999  -9999  -9999  -9999  -9999    0.0  -9999
C1R170 2013080721  -9999  -9999  -9999  -9999  -9999    0.0  -9999
C1R170 2013080722  -9999  -9999  -9999  -9999  -9999    0.0  -9999
C1R170 2013080723  -9999  -9999  -9999  -9999  -9999    0.0  -9999
C1R170 2013080724  -9999  -9999  -9999  -9999  -9999    0.0  -9999
